
===== pi05_spatial_cache: n=14621, B0-stuck decisions 0.216, teacher gripper-transition decisions 0.224, failed-episode share 0.500
             SR    err  err_p50  err_p90  err_worst10  regret  grip_mis  grip_mis_trans  err_trans  err_stuck  err_free  err_fail_eps  err_succ_eps  err_late  speed  speed_p50  slow_frac  cancel  cancel_stuck  gvote  gsplit  gsplit_stuck  w_term  w_term_late  top1_term  dact_stuck  dact_free  stay_top1  conf_auroc_fail
B0        0.668  0.643    0.518    1.256        1.597   0.248     0.189           0.462      0.922      0.961     0.555         0.868         0.418     0.770  1.046      1.014      0.003   1.000         1.000  1.000   0.000         0.000   0.237        0.481      0.237       0.000      0.708      0.216              NaN
M4k5mean  0.764  0.589    0.482    1.096        1.385   0.195     0.206           0.511      0.832      0.818     0.526         0.766         0.413     0.669  0.967      0.952      0.006   0.897         0.840  0.948   0.036         0.024   0.146        0.292      0.237       0.164      0.400      0.216              NaN
AWMkr5    0.800  0.579    0.458    1.109        1.426   0.185     0.208           0.492      0.819      0.851     0.504         0.773         0.386     0.698  0.957      0.953      0.004   0.913         0.866  0.920   0.069         0.107   0.131        0.265      0.244       0.127      0.388      0.305              NaN
M4k8mean    NaN  0.595    0.495    1.089        1.362   0.200     0.209           0.534      0.831      0.804     0.537         0.759         0.431     0.668  0.951      0.934      0.007   0.875         0.812  0.938   0.043         0.024   0.117        0.232      0.237       0.146      0.354      0.216              NaN
M4k5med     NaN  0.621    0.517    1.184        1.464   0.226     0.206           0.511      0.896      0.886     0.548         0.814         0.428     0.718  0.992      0.969      0.005   0.897         0.840  0.948   0.036         0.024   0.146        0.292      0.237       0.210      0.473      0.216              NaN
M4k3med     NaN  0.631    0.515    1.217        1.525   0.237     0.205           0.506      0.915      0.926     0.550         0.842         0.421     0.742  1.015      0.987      0.003   0.925         0.880  0.958   0.063         0.061   0.177        0.357      0.237       0.214      0.523      0.216              NaN
AWMkr8      NaN  0.588    0.470    1.109        1.414   0.194     0.209           0.497      0.824      0.855     0.515         0.776         0.400     0.707  0.946      0.942      0.005   0.903         0.857  0.912   0.075         0.113   0.117        0.237      0.244       0.116      0.347      0.305              NaN
AWMins      NaN  0.618    0.490    1.185        1.490   0.224     0.216           0.522      0.892      0.913     0.537         0.825         0.412     0.746  1.034      1.016      0.001   0.903         0.857  0.912   0.075         0.113   0.117        0.237      0.244       0.131      0.382      0.305              NaN
AWMfbig     NaN  0.563    0.464    1.022        1.232   0.169     0.200           0.495      0.798      0.795     0.499         0.730         0.397     0.664  0.928      0.924      0.007   0.881         0.821  0.915   0.064         0.096   0.123        0.246      0.228       0.106      0.319      0.268              NaN
AWMvis      NaN  0.588    0.472    1.127        1.378   0.193     0.201           0.469      0.835      0.862     0.512         0.774         0.401     0.711  0.945      0.940      0.011   0.900         0.849  0.883   0.107         0.207   0.093        0.177      0.201       0.135      0.352      0.292              NaN
V4cur       NaN  0.574    0.447    1.110        1.434   0.179     0.196           0.453      0.819      0.851     0.497         0.773         0.375     0.687  0.971      0.957      0.007   0.871         0.837  0.907   0.082         0.045   0.147        0.294      0.247       0.110      0.419      0.276              NaN

===== pi05_l10_cache: n=40127, B0-stuck decisions 0.331, teacher gripper-transition decisions 0.207, failed-episode share 0.710
             SR    err  err_p50  err_p90  err_worst10  regret  grip_mis  grip_mis_trans  err_trans  err_stuck  err_free  err_fail_eps  err_succ_eps  err_late  speed  speed_p50  slow_frac  cancel  cancel_stuck  gvote  gsplit  gsplit_stuck  w_term  w_term_late  top1_term  dact_stuck  dact_free  stay_top1  conf_auroc_fail
B0        0.440  0.597    0.499    1.154        1.495   0.320     0.173           0.442      0.810      0.742     0.525         0.676         0.402     0.743  1.122      1.034      0.013   1.000         1.000  1.000   0.000         0.000   0.105        0.212      0.105       0.001      0.569      0.331              NaN
M4k5mean  0.428  0.540    0.448    1.024        1.342   0.263     0.173           0.444      0.719      0.652     0.485         0.601         0.391     0.652  1.014      0.970      0.016   0.894         0.863  0.863   0.112         0.180   0.061        0.117      0.105       0.105      0.339      0.331              NaN
AWMkr5    0.630  0.513    0.417    0.997        1.322   0.236     0.168           0.414      0.695      0.624     0.459         0.577         0.357     0.638  0.976      0.949      0.027   0.885         0.840  0.841   0.156         0.298   0.053        0.106      0.094       0.101      0.317      0.398              NaN
M4k8mean    NaN  0.539    0.451    1.003        1.303   0.262     0.175           0.443      0.709      0.642     0.487         0.595         0.402     0.641  0.985      0.951      0.020   0.864         0.827  0.837   0.119         0.185   0.051        0.097      0.105       0.094      0.305      0.331              NaN
M4k5med     NaN  0.565    0.469    1.082        1.403   0.288     0.173           0.444      0.769      0.692     0.502         0.632         0.402     0.691  1.037      0.983      0.015   0.894         0.863  0.863   0.112         0.180   0.061        0.117      0.105       0.135      0.397      0.331              NaN
M4k3med     NaN  0.574    0.475    1.115        1.447   0.297     0.171           0.435      0.780      0.707     0.508         0.644         0.400     0.705  1.070      1.003      0.011   0.925         0.902  0.892   0.162         0.263   0.074        0.144      0.105       0.130      0.431      0.331              NaN
AWMkr8      NaN  0.511    0.419    0.980        1.296   0.234     0.164           0.410      0.685      0.612     0.461         0.571         0.366     0.631  0.953      0.932      0.032   0.874         0.827  0.828   0.165         0.313   0.048        0.095      0.094       0.091      0.294      0.398              NaN
AWMins      NaN  0.536    0.425    1.044        1.359   0.259     0.168           0.457      0.765      0.655     0.478         0.603         0.373     0.666  1.045      1.004      0.017   0.874         0.827  0.828   0.165         0.313   0.048        0.095      0.094       0.107      0.327      0.398              NaN
AWMfbig     NaN  0.491    0.413    0.883        1.192   0.214     0.162           0.419      0.645      0.576     0.449         0.541         0.369     0.595  0.935      0.922      0.026   0.869         0.833  0.816   0.179         0.293   0.035        0.063      0.059       0.084      0.287      0.367              NaN
AWMvis      NaN  0.488    0.420    0.889        1.144   0.212     0.165           0.377      0.613      0.582     0.442         0.539         0.365     0.600  0.924      0.919      0.039   0.870         0.835  0.798   0.197         0.350   0.036        0.069      0.068       0.093      0.294      0.387              NaN
V4cur       NaN  0.514    0.417    0.999        1.311   0.237     0.168           0.393      0.676      0.629     0.457         0.578         0.358     0.632  0.993      0.959      0.014   0.867         0.831  0.814   0.192         0.313   0.061        0.118      0.115       0.091      0.338      0.362              NaN

===== proxy ordering check (deployed arms). '+' = proxy ranks the three arms exactly like SR (lower proxy = higher SR unless noted) =====
              proxy spatial       spatial_vals   l10           l10_vals
0               err    +1.0  0.643 0.589 0.579  +0.5  0.597 0.540 0.513
1           err_p50    +1.0  0.518 0.482 0.458  +0.5  0.499 0.448 0.417
2           err_p90    +0.5  1.256 1.096 1.109  +0.5  1.154 1.024 0.997
3       err_worst10    +0.5  1.597 1.385 1.426  +0.5  1.495 1.342 1.322
4            regret    +1.0  0.248 0.195 0.185  +0.5  0.320 0.263 0.236
5          grip_mis    -1.0  0.189 0.206 0.208  +1.0  0.173 0.173 0.168
6    grip_mis_trans    -0.5  0.462 0.511 0.492  +1.0  0.442 0.444 0.414
7         err_trans    +1.0  0.922 0.832 0.819  +0.5  0.810 0.719 0.695
8         err_stuck    +0.5  0.961 0.818 0.851  +0.5  0.742 0.652 0.624
9          err_free    +1.0  0.555 0.526 0.504  +0.5  0.525 0.485 0.459
10     err_fail_eps    +0.5  0.868 0.766 0.773  +0.5  0.676 0.601 0.577
11     err_succ_eps    +1.0  0.418 0.413 0.386  +0.5  0.402 0.391 0.357
12         err_late    +0.5  0.770 0.669 0.698  +0.5  0.743 0.652 0.638
13            speed    -1.0  1.046 0.967 0.957  -0.5  1.122 1.014 0.976
14        speed_p50    -0.5  1.014 0.952 0.953  -0.5  1.034 0.970 0.949
15        slow_frac    -0.5  0.003 0.006 0.004  -0.5  0.013 0.016 0.027
16           cancel    -0.5  1.000 0.897 0.913  -0.5  1.000 0.894 0.885
17     cancel_stuck    -0.5  1.000 0.840 0.866  -0.5  1.000 0.863 0.840
18            gvote    -1.0  1.000 0.948 0.920  -0.5  1.000 0.863 0.841
19           gsplit    -1.0  0.000 0.036 0.069  -0.5  0.000 0.112 0.156
20     gsplit_stuck    -1.0  0.000 0.024 0.107  -0.5  0.000 0.180 0.298
21           w_term    +1.0  0.237 0.146 0.131  +0.5  0.105 0.061 0.053
22      w_term_late    +1.0  0.481 0.292 0.265  +0.5  0.212 0.117 0.106
23        top1_term    -0.9  0.237 0.237 0.244  +0.9  0.105 0.105 0.094
24       dact_stuck    +0.5  0.000 0.164 0.127  -0.5  0.001 0.105 0.101
25        dact_free    -1.0  0.708 0.400 0.388  -0.5  0.569 0.339 0.317
26        stay_top1    -0.9  0.216 0.216 0.305  -0.9  0.331 0.331 0.398
27  conf_auroc_fail      na                NaN    na                NaN

===== per-task offline deltas (method - B0) vs closed-loop SR deltas =====

pi05_spatial_cache M4k5mean: spearman(dSR, x) over 10 tasks: {'d_err': -0.29, 'd_gm': 0.48, 'gsplit': 0.06, 'cancel': -0.62, 'd_wterm': -0.56, 'speed': -0.24, 'err': 0.78}
task         0      1      2      3      4      5      6      7      8      9
dSR      0.340  0.140 -0.140 -0.060  0.240  0.140 -0.220  0.120  0.160  0.240
d_err   -0.068 -0.052 -0.010 -0.080 -0.034 -0.111 -0.027 -0.057 -0.062 -0.045
d_gm     0.024  0.012 -0.005 -0.007  0.024  0.002  0.032  0.008  0.015  0.042
gsplit   0.025  0.027  0.029  0.018  0.030  0.039  0.050  0.030  0.031  0.075
cancel   0.838  0.923  0.922  0.855  0.911  0.899  0.938  0.939  0.854  0.887
d_wterm -0.163 -0.080 -0.100 -0.067 -0.066 -0.079 -0.048 -0.035 -0.172 -0.109
speed    0.954  1.001  0.977  0.877  0.889  0.911  1.022  1.012  1.064  0.950
err      0.766  0.491  0.408  0.543  0.624  0.630  0.599  0.473  0.619  0.696
b0_err   0.834  0.544  0.418  0.623  0.658  0.740  0.626  0.530  0.681  0.740

pi05_spatial_cache AWMkr5: spearman(dSR, x) over 10 tasks: {'d_err': -0.35, 'd_gm': 0.49, 'gsplit': 0.02, 'cancel': -0.35, 'd_wterm': -0.36, 'speed': -0.2, 'err': 0.32}
task         0      1      2      3      4      5      6      7      8      9
dSR      0.260  0.100  0.120  0.200  0.200  0.180 -0.440  0.280  0.220  0.200
d_err   -0.102 -0.063 -0.033 -0.089 -0.053 -0.112 -0.026 -0.048 -0.091 -0.038
d_gm     0.054  0.010 -0.005  0.002  0.020 -0.007 -0.035  0.001  0.005  0.113
gsplit   0.086  0.019  0.009  0.116  0.082  0.003  0.158  0.015  0.105  0.083
cancel   0.843  0.941  0.940  0.896  0.928  0.927  0.939  0.947  0.905  0.871
d_wterm -0.194 -0.149 -0.074 -0.090 -0.093 -0.089 -0.053 -0.059 -0.171 -0.090
speed    0.877  1.032  0.976  0.879  0.910  0.922  1.007  1.015  1.040  0.907
err      0.732  0.480  0.385  0.534  0.605  0.628  0.600  0.482  0.590  0.702
b0_err   0.834  0.544  0.418  0.623  0.658  0.740  0.626  0.530  0.681  0.740

pi05_l10_cache M4k5mean: spearman(dSR, x) over 10 tasks: {'d_err': -0.69, 'd_gm': -0.18, 'gsplit': 0.74, 'cancel': -0.4, 'd_wterm': -0.07, 'speed': 0.29, 'err': 0.45}
task         0      1      2      3      4      5      6      7      8      9
dSR      0.100  0.100 -0.140 -0.180 -0.020 -0.080  0.120  0.100 -0.040 -0.080
d_err   -0.071 -0.090 -0.047 -0.020 -0.016 -0.026 -0.106 -0.097 -0.024 -0.046
d_gm    -0.017 -0.019 -0.009  0.007  0.027  0.008 -0.006  0.010  0.001  0.012
gsplit   0.227  0.124  0.097  0.027  0.045  0.011  0.171  0.197  0.057  0.070
cancel   0.895  0.891  0.856  0.935  0.897  0.965  0.858  0.844  0.947  0.887
d_wterm -0.025  0.005 -0.068 -0.007 -0.182 -0.015 -0.086 -0.005 -0.004 -0.018
speed    1.007  1.031  0.976  0.950  1.034  1.099  1.062  0.962  1.057  0.966
err      0.477  0.596  0.495  0.440  0.635  0.488  0.572  0.678  0.414  0.578
b0_err   0.548  0.687  0.542  0.460  0.651  0.515  0.677  0.775  0.438  0.624

pi05_l10_cache AWMkr5: spearman(dSR, x) over 10 tasks: {'d_err': -0.39, 'd_gm': -0.04, 'gsplit': 0.7, 'cancel': -0.39, 'd_wterm': -0.08, 'speed': 0.45, 'err': 0.56}
task         0      1      2      3      4      5      6      7      8      9
dSR      0.220  0.280 -0.120  0.160  0.380  0.120  0.360  0.320  0.180  0.000
d_err   -0.059 -0.127 -0.092 -0.033 -0.138 -0.051 -0.058 -0.118 -0.072 -0.065
d_gm    -0.020 -0.012 -0.005 -0.008 -0.017 -0.004  0.003  0.014  0.007 -0.010
gsplit   0.247  0.088  0.137  0.030  0.359  0.012  0.230  0.158  0.082  0.058
cancel   0.905  0.863  0.855  0.938  0.826  0.969  0.878  0.840  0.939  0.875
d_wterm -0.029  0.005 -0.075 -0.008 -0.233 -0.033 -0.105  0.007  0.000 -0.009
speed    1.035  0.966  0.852  0.936  0.976  1.073  1.073  0.922  1.004  0.904
err      0.488  0.560  0.450  0.427  0.514  0.464  0.620  0.658  0.366  0.559
b0_err   0.548  0.687  0.542  0.460  0.651  0.515  0.677  0.775  0.438  0.624
