
##### lib=big regime=stale  L=10909 29472 11751 29631  n=14121 39627 13320 39169  mappable=False False True True
oracle           0.287 0.192 0.232 0.181   drift frac 0.32 0.35 0.20 0.34  oracle_drift 0.411 0.253 0.348 0.225
variant         err                          | p50                          | succ eps                     | fail eps                     | drift                        | nodrift
base            0.511 0.437 0.439 0.451      | 0.396 0.356 0.356 0.385      | 0.319 0.298 0.328 0.348      | 0.700 0.493 0.588 0.495      | 0.787 0.637 0.770 0.621      | 0.380 0.329 0.357 0.363
base_mean5      0.523 0.446 0.449 0.464      | 0.408 0.364 0.367 0.397      | 0.327 0.307 0.338 0.357      | 0.716 0.502 0.598 0.511      | 0.806 0.648 0.780 0.641      | 0.388 0.337 0.366 0.373
base_top1       0.619 0.524 0.547 0.567      | 0.500 0.422 0.452 0.475      | 0.401 0.371 0.421 0.430      | 0.832 0.585 0.715 0.626      | 0.946 0.750 0.913 0.792      | 0.463 0.402 0.456 0.451
nn1             0.517 0.437 0.437 0.450      | 0.399 0.355 0.357 0.384      | 0.320 0.298 0.327 0.347      | 0.710 0.493 0.584 0.495      | 0.802 0.637 0.761 0.619      | 0.381 0.329 0.356 0.364
nn10            0.512 0.437 0.440 0.452      | 0.397 0.357 0.357 0.388      | 0.320 0.298 0.329 0.349      | 0.699 0.494 0.591 0.496      | 0.788 0.638 0.773 0.622      | 0.380 0.329 0.358 0.364
lam0p01         0.507 0.435 0.434 0.447      | 0.396 0.357 0.356 0.382      | 0.320 0.299 0.326 0.346      | 0.690 0.491 0.579 0.491      | 0.774 0.634 0.749 0.613      | 0.380 0.328 0.355 0.362
lam1            0.523 0.445 0.445 0.458      | 0.398 0.358 0.361 0.392      | 0.322 0.298 0.332 0.354      | 0.720 0.504 0.599 0.502      | 0.816 0.653 0.787 0.628      | 0.383 0.333 0.360 0.369
p32             0.517 0.443 0.446 0.456      | 0.398 0.357 0.359 0.384      | 0.321 0.301 0.329 0.349      | 0.709 0.501 0.602 0.502      | 0.799 0.652 0.792 0.633      | 0.383 0.331 0.360 0.365
p128            0.509 0.436 0.436 0.444      | 0.396 0.356 0.356 0.382      | 0.320 0.299 0.327 0.344      | 0.693 0.492 0.582 0.487      | 0.786 0.638 0.758 0.606      | 0.376 0.328 0.356 0.360
rank16          0.523 0.459 0.440 0.465      | 0.419 0.375 0.369 0.401      | 0.334 0.327 0.338 0.363      | 0.709 0.513 0.578 0.508      | 0.791 0.657 0.736 0.635      | 0.396 0.353 0.367 0.376
rank32          0.507 0.439 0.437 0.452      | 0.395 0.354 0.358 0.388      | 0.319 0.301 0.327 0.347      | 0.692 0.495 0.583 0.497      | 0.772 0.639 0.754 0.619      | 0.381 0.331 0.358 0.365
rank64          0.510 0.433 0.436 0.451      | 0.392 0.351 0.357 0.385      | 0.316 0.295 0.326 0.346      | 0.699 0.489 0.583 0.495      | 0.786 0.632 0.757 0.619      | 0.378 0.326 0.356 0.364
chunk           0.514 0.437 0.436 0.451      | 0.397 0.356 0.356 0.386      | 0.319 0.298 0.327 0.346      | 0.704 0.493 0.582 0.497      | 0.795 0.640 0.756 0.623      | 0.380 0.328 0.356 0.363
stepwin3        0.515 0.447 0.440 0.458      | 0.396 0.361 0.357 0.390      | 0.319 0.300 0.328 0.347      | 0.706 0.507 0.590 0.506      | 0.796 0.660 0.775 0.638      | 0.380 0.333 0.357 0.365
succonly        0.518 0.448 0.449 0.459      | 0.398 0.360 0.357 0.390      | 0.319 0.299 0.328 0.345      | 0.713 0.509 0.611 0.507      | 0.808 0.667 0.808 0.643      | 0.380 0.330 0.360 0.363
shared          0.530 0.448 0.451 0.474      | 0.403 0.368 0.362 0.407      | 0.327 0.303 0.333 0.355      | 0.729 0.507 0.611 0.525      | 0.823 0.650 0.808 0.656      | 0.390 0.340 0.363 0.380
fitcur          0.571 0.469 0.476 0.479      | 0.457 0.381 0.389 0.413      | 0.377 0.316 0.357 0.363      | 0.762 0.530 0.635 0.529      | 0.873 0.689 0.826 0.674      | 0.428 0.350 0.389 0.378
novis_state     0.584 0.513 0.439 0.476      | 0.455 0.433 0.369 0.393      | 0.373 0.366 0.338 0.361      | 0.790 0.572 0.575 0.526      | 0.881 0.727 0.723 0.678      | 0.442 0.398 0.368 0.372
early           0.592 0.517 0.454 0.512      | 0.469 0.436 0.370 0.439      | 0.375 0.357 0.342 0.370      | 0.803 0.582 0.605 0.573      | 0.932 0.763 0.772 0.743      | 0.429 0.385 0.376 0.392
st_x3           0.548 0.466 0.426 0.453      | 0.416 0.376 0.354 0.377      | 0.336 0.307 0.324 0.336      | 0.754 0.530 0.562 0.504      | 0.854 0.696 0.721 0.649      | 0.401 0.342 0.353 0.352
AURC (base kern16):
  -d1                        0.331 0.292 0.327 0.346   rho +0.68 +0.66 +0.55 +0.52
  -d1_rel                    0.314 0.292 0.317 0.346   rho +0.74 +0.67 +0.59 +0.53
  -disp                      0.329 0.322 0.303 0.369   rho +0.70 +0.60 +0.65 +0.49
  -dst                       0.329 0.297 0.327 0.341   rho +0.67 +0.63 +0.56 +0.53
  -still                     0.415 0.424 0.358 0.443   rho +0.42 +0.21 +0.42 +0.13
  z(-d1)+z(-disp)            0.297 0.281 0.298 0.332   rho +nan +nan +nan +nan
  z(-d1_rel)+z(-disp)        0.297 0.284 0.302 0.336   rho +nan +nan +nan +nan
  z(-d1)+z(-disp)+z(-dst)    0.297 0.278 0.299 0.327   rho +nan +nan +nan +nan
  z(-d1)+z(-disp)-z(still)   0.329 0.325 0.314 0.362   rho +nan +nan +nan +nan
  -d1/med-disp/0.3           0.300 0.285 0.298 0.337   rho +0.79 +0.70 +0.68 +0.55
  opt                        0.247 0.221 0.239 0.248   rho +nan +nan +nan +nan

##### lib=big regime=step0  L=10909 29472 11751 29631  n=500 500 500 500  mappable=False False True True
oracle           0.137 0.078 0.151 0.078   drift frac 0.00 0.00 0.00 0.00  oracle_drift nan nan nan nan
variant         err                          | p50                          | succ eps                     | fail eps                     | drift                        | nodrift
base            0.210 0.158 0.281 0.224      | 0.195 0.134 0.261 0.200      | 0.204 0.171 0.279 0.233      | 0.220 0.147 0.287 0.217      | nan nan nan nan              | 0.210 0.158 0.281 0.224
base_mean5      0.217 0.161 0.284 0.232      | 0.200 0.139 0.263 0.201      | 0.211 0.175 0.282 0.243      | 0.231 0.150 0.289 0.223      | nan nan nan nan              | 0.217 0.161 0.284 0.232
base_top1       0.260 0.192 0.380 0.283      | 0.243 0.154 0.347 0.216      | 0.250 0.207 0.377 0.297      | 0.280 0.179 0.389 0.271      | nan nan nan nan              | 0.260 0.192 0.380 0.283
nn1             0.210 0.157 0.281 0.224      | 0.195 0.131 0.261 0.202      | 0.206 0.170 0.278 0.234      | 0.220 0.146 0.289 0.216      | nan nan nan nan              | 0.210 0.157 0.281 0.224
nn10            0.211 0.159 0.282 0.225      | 0.193 0.133 0.262 0.202      | 0.206 0.172 0.280 0.235      | 0.221 0.147 0.288 0.217      | nan nan nan nan              | 0.211 0.159 0.282 0.225
lam0p01         0.210 0.158 0.280 0.224      | 0.196 0.133 0.262 0.203      | 0.205 0.172 0.277 0.235      | 0.221 0.147 0.287 0.215      | nan nan nan nan              | 0.210 0.158 0.280 0.224
lam1            0.209 0.159 0.287 0.231      | 0.191 0.133 0.266 0.204      | 0.205 0.173 0.285 0.244      | 0.217 0.148 0.294 0.219      | nan nan nan nan              | 0.209 0.159 0.287 0.231
p32             0.208 0.160 0.286 0.239      | 0.191 0.136 0.265 0.212      | 0.204 0.175 0.282 0.250      | 0.218 0.148 0.296 0.230      | nan nan nan nan              | 0.208 0.160 0.286 0.239
p128            0.209 0.156 0.272 0.216      | 0.191 0.130 0.248 0.194      | 0.204 0.170 0.271 0.224      | 0.218 0.144 0.275 0.209      | nan nan nan nan              | 0.209 0.156 0.272 0.216
rank16          0.218 0.166 0.291 0.250      | 0.203 0.139 0.265 0.211      | 0.212 0.180 0.289 0.270      | 0.229 0.154 0.297 0.232      | nan nan nan nan              | 0.218 0.166 0.291 0.250
rank32          0.211 0.156 0.286 0.237      | 0.193 0.127 0.259 0.200      | 0.204 0.172 0.283 0.256      | 0.223 0.143 0.295 0.221      | nan nan nan nan              | 0.211 0.156 0.286 0.237
rank64          0.208 0.155 0.282 0.228      | 0.191 0.132 0.261 0.199      | 0.202 0.169 0.278 0.242      | 0.219 0.143 0.292 0.216      | nan nan nan nan              | 0.208 0.155 0.282 0.228
chunk           0.211 0.157 0.282 0.224      | 0.195 0.133 0.260 0.202      | 0.207 0.171 0.280 0.234      | 0.220 0.146 0.288 0.215      | nan nan nan nan              | 0.211 0.157 0.282 0.224
stepwin3        0.210 0.157 0.282 0.225      | 0.195 0.134 0.262 0.201      | 0.204 0.171 0.280 0.235      | 0.221 0.146 0.288 0.216      | nan nan nan nan              | 0.210 0.157 0.282 0.225
succonly        0.210 0.156 0.282 0.225      | 0.196 0.135 0.260 0.206      | 0.205 0.169 0.279 0.236      | 0.220 0.146 0.290 0.216      | nan nan nan nan              | 0.210 0.156 0.282 0.225
shared          0.205 0.162 0.284 0.233      | 0.188 0.133 0.261 0.210      | 0.201 0.176 0.281 0.244      | 0.214 0.150 0.291 0.223      | nan nan nan nan              | 0.205 0.162 0.284 0.233
fitcur          0.256 0.176 0.307 0.239      | 0.234 0.151 0.283 0.210      | 0.247 0.194 0.303 0.252      | 0.272 0.161 0.318 0.227      | nan nan nan nan              | 0.256 0.176 0.307 0.239
novis_state     0.246 0.201 0.281 0.208      | 0.232 0.172 0.246 0.185      | 0.244 0.218 0.274 0.224      | 0.250 0.187 0.300 0.194      | nan nan nan nan              | 0.246 0.201 0.281 0.208
early           0.210 0.158 0.255 0.170      | 0.195 0.130 0.224 0.144      | 0.205 0.177 0.253 0.176      | 0.222 0.142 0.262 0.164      | nan nan nan nan              | 0.210 0.158 0.255 0.170
st_x3           0.210 0.157 0.277 0.215      | 0.195 0.132 0.255 0.196      | 0.205 0.171 0.276 0.227      | 0.221 0.147 0.279 0.204      | nan nan nan nan              | 0.210 0.157 0.277 0.215
AURC (base kern16):
  -d1                        0.194 0.156 0.274 0.220   rho +0.68 +0.66 +0.55 +0.52
  -d1_rel                    0.191 0.149 0.272 0.249   rho +0.74 +0.67 +0.59 +0.53
  -disp                      0.170 0.123 0.245 0.177   rho +0.70 +0.60 +0.65 +0.49
  -dst                       0.214 0.167 0.281 0.225   rho +0.67 +0.63 +0.56 +0.53
  z(-d1)+z(-disp)            0.173 0.131 0.250 0.192   rho +nan +nan +nan +nan
  z(-d1_rel)+z(-disp)        0.175 0.126 0.254 0.208   rho +nan +nan +nan +nan
  z(-d1)+z(-disp)+z(-dst)    0.181 0.139 0.256 0.199   rho +nan +nan +nan +nan
  -d1/med-disp/0.3           0.173 0.123 0.248 0.198   rho +0.79 +0.70 +0.68 +0.55
  opt                        0.135 0.089 0.186 0.136   rho +nan +nan +nan +nan

##### lib=big regime=fresh  L=10909 29472 11751 29631  n=10298 28906 10838 28565  mappable=False False True True
oracle           0.188 0.141 0.206 0.159   drift frac 0.05 0.07 0.04 0.07  oracle_drift 0.344 0.209 0.290 0.183
variant         err                          | p50                          | succ eps                     | fail eps                     | drift                        | nodrift
base            0.304 0.268 0.362 0.350      | 0.252 0.217 0.313 0.298      | 0.293 0.258 0.355 0.348      | 0.659 0.294 0.415 0.356      | 0.638 0.488 0.568 0.485      | 0.287 0.253 0.354 0.340
base_mean5      0.311 0.276 0.370 0.359      | 0.258 0.222 0.322 0.306      | 0.300 0.265 0.363 0.355      | 0.670 0.303 0.421 0.371      | 0.649 0.502 0.576 0.510      | 0.294 0.260 0.361 0.348
base_top1       0.377 0.335 0.448 0.424      | 0.311 0.263 0.389 0.347      | 0.365 0.324 0.438 0.417      | 0.755 0.364 0.522 0.447      | 0.736 0.603 0.688 0.620      | 0.359 0.316 0.438 0.410
nn1             0.303 0.268 0.362 0.350      | 0.251 0.217 0.313 0.297      | 0.293 0.258 0.355 0.347      | 0.650 0.294 0.412 0.358      | 0.634 0.488 0.566 0.487      | 0.287 0.253 0.353 0.339
nn10            0.305 0.269 0.363 0.351      | 0.252 0.218 0.315 0.299      | 0.294 0.259 0.356 0.349      | 0.667 0.295 0.416 0.357      | 0.644 0.488 0.569 0.485      | 0.288 0.253 0.355 0.341
lam0p01         0.305 0.269 0.361 0.349      | 0.254 0.218 0.312 0.297      | 0.294 0.259 0.353 0.347      | 0.658 0.295 0.413 0.356      | 0.632 0.489 0.574 0.486      | 0.289 0.254 0.352 0.339
lam1            0.305 0.271 0.368 0.356      | 0.253 0.219 0.317 0.303      | 0.294 0.260 0.359 0.352      | 0.663 0.300 0.434 0.367      | 0.653 0.502 0.599 0.495      | 0.287 0.254 0.358 0.346
p32             0.305 0.270 0.363 0.353      | 0.253 0.218 0.315 0.300      | 0.294 0.260 0.355 0.350      | 0.661 0.295 0.427 0.360      | 0.644 0.495 0.572 0.490      | 0.288 0.254 0.355 0.342
p128            0.304 0.267 0.363 0.347      | 0.253 0.217 0.312 0.294      | 0.293 0.258 0.355 0.345      | 0.656 0.291 0.421 0.353      | 0.637 0.474 0.580 0.481      | 0.287 0.253 0.354 0.337
rank16          0.323 0.291 0.378 0.370      | 0.273 0.240 0.329 0.318      | 0.313 0.284 0.371 0.368      | 0.646 0.309 0.426 0.376      | 0.641 0.496 0.580 0.502      | 0.307 0.276 0.370 0.360
rank32          0.303 0.268 0.364 0.351      | 0.252 0.218 0.315 0.300      | 0.293 0.259 0.357 0.348      | 0.647 0.291 0.418 0.360      | 0.634 0.479 0.572 0.479      | 0.286 0.253 0.355 0.342
rank64          0.300 0.265 0.363 0.351      | 0.249 0.215 0.315 0.299      | 0.290 0.255 0.356 0.348      | 0.656 0.291 0.415 0.363      | 0.629 0.485 0.575 0.490      | 0.284 0.249 0.354 0.341
chunk           0.303 0.268 0.362 0.348      | 0.251 0.217 0.313 0.297      | 0.292 0.258 0.355 0.346      | 0.666 0.293 0.412 0.355      | 0.639 0.488 0.563 0.480      | 0.287 0.252 0.354 0.339
stepwin3        0.305 0.270 0.362 0.352      | 0.253 0.219 0.313 0.299      | 0.294 0.259 0.355 0.348      | 0.677 0.299 0.417 0.366      | 0.664 0.500 0.581 0.509      | 0.288 0.254 0.353 0.341
succonly        0.304 0.270 0.364 0.350      | 0.252 0.218 0.313 0.300      | 0.293 0.258 0.355 0.345      | 0.684 0.301 0.429 0.366      | 0.653 0.500 0.592 0.503      | 0.287 0.254 0.354 0.339
shared          0.308 0.277 0.369 0.363      | 0.257 0.224 0.320 0.307      | 0.297 0.266 0.360 0.355      | 0.671 0.305 0.431 0.389      | 0.658 0.512 0.599 0.537      | 0.290 0.260 0.359 0.350
fitcur          0.348 0.288 0.399 0.368      | 0.294 0.236 0.347 0.314      | 0.336 0.278 0.386 0.363      | 0.752 0.314 0.490 0.387      | 0.743 0.532 0.668 0.534      | 0.329 0.271 0.388 0.356
novis_state     0.355 0.329 0.371 0.363      | 0.301 0.274 0.323 0.310      | 0.344 0.322 0.364 0.362      | 0.705 0.346 0.421 0.368      | 0.703 0.554 0.577 0.517      | 0.337 0.313 0.362 0.352
early           0.350 0.326 0.376 0.378      | 0.287 0.269 0.323 0.323      | 0.338 0.311 0.369 0.371      | 0.724 0.366 0.423 0.401      | 0.805 0.622 0.595 0.586      | 0.327 0.305 0.367 0.363
st_x3           0.313 0.276 0.353 0.339      | 0.260 0.222 0.306 0.288      | 0.302 0.266 0.345 0.335      | 0.674 0.302 0.408 0.350      | 0.675 0.512 0.558 0.492      | 0.295 0.259 0.344 0.327
AURC (base kern16):
  -d1                        0.262 0.219 0.324 0.314   rho +0.25 +0.34 +0.22 +0.22
  -d1_rel                    0.245 0.221 0.312 0.311   rho +0.36 +0.34 +0.30 +0.26
  -disp                      0.214 0.189 0.283 0.260   rho +0.61 +0.61 +0.49 +0.56
  -dst                       0.251 0.221 0.317 0.300   rho +0.31 +0.31 +0.26 +0.26
  -still                     0.310 0.277 0.354 0.351   rho +0.00 -0.00 +0.08 +0.00
  z(-d1)+z(-disp)            0.217 0.188 0.288 0.268   rho +nan +nan +nan +nan
  z(-d1_rel)+z(-disp)        0.216 0.192 0.289 0.281   rho +nan +nan +nan +nan
  z(-d1)+z(-disp)+z(-dst)    0.218 0.190 0.292 0.272   rho +nan +nan +nan +nan
  z(-d1)+z(-disp)-z(still)   0.242 0.217 0.306 0.302   rho +nan +nan +nan +nan
  -d1/med-disp/0.3           0.210 0.184 0.280 0.262   rho +0.63 +0.63 +0.50 +0.54
  opt                        0.168 0.142 0.213 0.193   rho +nan +nan +nan +nan
timing (ms/query, single thread, concurrent run): pi05_spatial:2.75(proj 2.20, C=1297) pi05_l10:1.09(proj 0.70, C=4748) groot_spatial:2.88(proj 2.20, C=1319) groot_l10:1.10(proj 0.71, C=4585)

##### lib=current regime=stale  L=1018 2640 1063 2645  n=14121 39627 13320 39169  mappable=True True True True
oracle           0.401 0.279 0.366 0.263   drift frac 0.24 0.33 0.19 0.32  oracle_drift 0.602 0.369 0.599 0.314
variant         err                          | p50                          | succ eps                     | fail eps                     | drift                        | nodrift
base            0.591 0.512 0.515 0.519      | 0.476 0.420 0.419 0.454      | 0.391 0.358 0.382 0.403      | 0.787 0.575 0.696 0.569      | 0.947 0.770 0.915 0.723      | 0.477 0.388 0.419 0.424
base_mean5      0.603 0.524 0.528 0.534      | 0.486 0.428 0.433 0.463      | 0.400 0.363 0.391 0.409      | 0.801 0.589 0.712 0.587      | 0.965 0.790 0.937 0.749      | 0.487 0.396 0.429 0.432
base_top1       0.654 0.603 0.587 0.624      | 0.532 0.500 0.493 0.532      | 0.434 0.402 0.441 0.459      | 0.869 0.685 0.784 0.694      | 1.046 0.921 1.002 0.893      | 0.528 0.450 0.487 0.497
nn1             0.601 0.516 0.527 0.520      | 0.472 0.425 0.426 0.455      | 0.390 0.360 0.386 0.403      | 0.808 0.580 0.718 0.571      | 0.986 0.777 0.952 0.729      | 0.478 0.391 0.425 0.422
nn10            0.590 0.510 0.519 0.522      | 0.490 0.424 0.438 0.461      | 0.409 0.366 0.397 0.410      | 0.767 0.568 0.682 0.570      | 0.900 0.752 0.870 0.717      | 0.490 0.393 0.434 0.430
lam0p01         0.633 0.532 0.556 0.537      | 0.516 0.442 0.453 0.471      | 0.429 0.368 0.408 0.408      | 0.832 0.598 0.755 0.592      | 0.999 0.801 0.964 0.752      | 0.515 0.402 0.457 0.436
lam1            0.584 0.511 0.516 0.518      | 0.464 0.421 0.415 0.457      | 0.383 0.362 0.379 0.408      | 0.780 0.571 0.700 0.565      | 0.935 0.749 0.942 0.707      | 0.471 0.396 0.413 0.429
p32             0.591 0.524 0.522 0.528      | 0.470 0.424 0.418 0.455      | 0.391 0.364 0.380 0.403      | 0.788 0.589 0.713 0.582      | 0.941 0.799 0.948 0.751      | 0.479 0.391 0.419 0.423
p128            0.596 0.510 0.533 0.521      | 0.474 0.425 0.423 0.458      | 0.392 0.358 0.385 0.405      | 0.795 0.571 0.732 0.571      | 0.953 0.756 0.970 0.715      | 0.481 0.391 0.427 0.430
rank16          0.608 0.536 0.528 0.543      | 0.487 0.430 0.428 0.461      | 0.398 0.368 0.387 0.406      | 0.814 0.604 0.717 0.602      | 0.986 0.823 0.952 0.786      | 0.486 0.398 0.425 0.429
rank32          0.593 0.527 0.520 0.534      | 0.475 0.420 0.422 0.454      | 0.390 0.355 0.382 0.401      | 0.792 0.596 0.706 0.590      | 0.958 0.814 0.935 0.767      | 0.476 0.389 0.420 0.424
rank64          0.591 0.518 0.517 0.522      | 0.474 0.418 0.418 0.451      | 0.390 0.355 0.381 0.401      | 0.788 0.583 0.700 0.574      | 0.949 0.789 0.923 0.739      | 0.476 0.387 0.419 0.420
chunk           0.581 0.507 0.512 0.516      | 0.467 0.417 0.421 0.447      | 0.387 0.359 0.382 0.401      | 0.771 0.567 0.686 0.566      | 0.916 0.756 0.914 0.725      | 0.473 0.387 0.415 0.418
stepwin3        0.623 0.542 0.529 0.533      | 0.476 0.440 0.418 0.467      | 0.394 0.374 0.384 0.408      | 0.847 0.611 0.725 0.586      | 1.060 0.822 0.986 0.740      | 0.483 0.408 0.419 0.435
succonly        0.591 0.512 0.515 0.519      | 0.476 0.420 0.419 0.454      | 0.391 0.358 0.382 0.403      | 0.787 0.575 0.696 0.569      | 0.947 0.770 0.915 0.723      | 0.477 0.388 0.419 0.424
shared          0.610 0.514 0.537 0.532      | 0.471 0.432 0.422 0.470      | 0.392 0.374 0.383 0.413      | 0.824 0.571 0.744 0.584      | 1.016 0.738 0.999 0.722      | 0.480 0.406 0.425 0.443
fitcur          0.591 0.512 0.515 0.519      | 0.476 0.420 0.419 0.454      | 0.391 0.358 0.382 0.403      | 0.787 0.575 0.696 0.569      | 0.947 0.770 0.915 0.723      | 0.477 0.388 0.419 0.424
novis_state     0.642 0.598 0.534 0.561      | 0.501 0.491 0.416 0.486      | 0.423 0.410 0.384 0.421      | 0.856 0.674 0.736 0.621      | 1.058 0.923 1.011 0.827      | 0.509 0.442 0.419 0.436
early           0.645 0.624 0.542 0.580      | 0.550 0.518 0.437 0.517      | 0.453 0.451 0.397 0.440      | 0.833 0.694 0.738 0.641      | 0.986 0.942 0.965 0.823      | 0.535 0.470 0.440 0.466
st_x3           0.621 0.554 0.529 0.529      | 0.485 0.448 0.416 0.459      | 0.402 0.373 0.383 0.398      | 0.834 0.627 0.726 0.585      | 1.027 0.857 0.985 0.762      | 0.490 0.408 0.419 0.419
track_pure      0.554 0.568 0.463 0.620      | 0.409 0.463 0.394 0.528      | 0.398 0.400 0.412 0.442      | 0.791 0.644 0.587 0.701      | 1.093 0.877 0.957 0.936      | 0.494 0.450 0.436 0.489
base_track0p5   0.608 0.507 0.526 0.508      | 0.499 0.429 0.441 0.457      | 0.425 0.377 0.402 0.411      | 0.787 0.559 0.693 0.549      | 0.937 0.729 0.907 0.682      | 0.502 0.400 0.435 0.426
base_track1     0.612 0.508 0.530 0.509      | 0.506 0.431 0.447 0.458      | 0.431 0.380 0.408 0.415      | 0.789 0.560 0.695 0.550      | 0.938 0.729 0.907 0.682      | 0.507 0.402 0.439 0.428
base_track2     0.614 0.509 0.532 0.510      | 0.509 0.433 0.450 0.459      | 0.434 0.383 0.410 0.416      | 0.790 0.561 0.696 0.550      | 0.938 0.729 0.907 0.682      | 0.510 0.403 0.442 0.429
base_antistuck  0.595 0.515 0.518 0.521      | 0.477 0.423 0.421 0.457      | 0.392 0.362 0.383 0.405      | 0.793 0.576 0.700 0.571      | 0.957 0.770 0.922 0.723      | 0.478 0.392 0.420 0.426
AURC (base kern16):
  -d1                        0.391 0.356 0.372 0.404   rho +0.67 +0.63 +0.60 +0.51
  -d1_rel                    0.382 0.352 0.372 0.400   rho +0.71 +0.65 +0.59 +0.53
  -disp                      0.397 0.389 0.366 0.411   rho +0.68 +0.52 +0.58 +0.47
  -dst                       0.400 0.356 0.382 0.395   rho +0.65 +0.62 +0.56 +0.54
  -still                     0.494 0.503 0.416 0.515   rho +0.39 +0.18 +0.43 +0.15
  hv                         0.411 0.394 0.372 0.425   rho +0.43 +0.42 +0.34 +0.37
  z(-d1)+z(-disp)            0.357 0.343 0.346 0.384   rho +nan +nan +nan +nan
  z(-d1_rel)+z(-disp)        0.366 0.352 0.357 0.393   rho +nan +nan +nan +nan
  z(-d1)+z(-disp)+z(-dst)    0.357 0.334 0.342 0.377   rho +nan +nan +nan +nan
  z(-d1)+z(-disp)-z(still)   0.391 0.395 0.361 0.426   rho +nan +nan +nan +nan
  -d1/med-disp/0.3           0.366 0.354 0.355 0.393   rho +0.75 +0.61 +0.64 +0.53
  opt                        0.297 0.265 0.280 0.293   rho +nan +nan +nan +nan

##### lib=current regime=step0  L=1018 2640 1063 2645  n=500 500 500 500  mappable=True True True True
oracle           0.207 0.142 0.233 0.132   drift frac 0.00 0.00 0.00 0.00  oracle_drift nan nan nan nan
variant         err                          | p50                          | succ eps                     | fail eps                     | drift                        | nodrift
base            0.282 0.232 0.336 0.288      | 0.264 0.200 0.312 0.242      | 0.278 0.255 0.331 0.303      | 0.289 0.213 0.348 0.274      | nan nan nan nan              | 0.282 0.232 0.336 0.288
base_mean5      0.278 0.235 0.334 0.286      | 0.257 0.202 0.313 0.245      | 0.274 0.259 0.328 0.302      | 0.285 0.216 0.349 0.272      | nan nan nan nan              | 0.278 0.235 0.334 0.286
base_top1       0.322 0.256 0.402 0.337      | 0.290 0.215 0.383 0.249      | 0.313 0.275 0.400 0.361      | 0.341 0.239 0.408 0.316      | nan nan nan nan              | 0.322 0.256 0.402 0.337
nn1             0.278 0.231 0.332 0.282      | 0.267 0.199 0.311 0.239      | 0.274 0.253 0.328 0.302      | 0.287 0.213 0.344 0.265      | nan nan nan nan              | 0.278 0.231 0.332 0.282
nn10            0.356 0.234 0.369 0.292      | 0.348 0.195 0.351 0.243      | 0.351 0.258 0.365 0.311      | 0.367 0.215 0.381 0.275      | nan nan nan nan              | 0.356 0.234 0.369 0.292
lam0p01         0.313 0.232 0.343 0.272      | 0.282 0.199 0.328 0.233      | 0.309 0.259 0.338 0.286      | 0.322 0.210 0.355 0.259      | nan nan nan nan              | 0.313 0.232 0.343 0.272
lam1            0.274 0.249 0.339 0.305      | 0.257 0.208 0.323 0.250      | 0.271 0.276 0.335 0.320      | 0.280 0.227 0.349 0.291      | nan nan nan nan              | 0.274 0.249 0.339 0.305
p32             0.283 0.250 0.348 0.289      | 0.269 0.213 0.329 0.245      | 0.282 0.279 0.346 0.298      | 0.286 0.226 0.354 0.282      | nan nan nan nan              | 0.283 0.250 0.348 0.289
p128            0.277 0.217 0.343 0.253      | 0.257 0.187 0.323 0.226      | 0.272 0.237 0.341 0.267      | 0.288 0.201 0.348 0.242      | nan nan nan nan              | 0.277 0.217 0.343 0.253
rank16          0.281 0.226 0.319 0.309      | 0.264 0.195 0.305 0.249      | 0.277 0.247 0.314 0.317      | 0.289 0.208 0.331 0.303      | nan nan nan nan              | 0.281 0.226 0.319 0.309
rank32          0.280 0.221 0.321 0.295      | 0.263 0.196 0.298 0.242      | 0.277 0.240 0.315 0.307      | 0.285 0.204 0.336 0.285      | nan nan nan nan              | 0.280 0.221 0.321 0.295
rank64          0.281 0.227 0.331 0.288      | 0.260 0.194 0.309 0.239      | 0.277 0.247 0.326 0.302      | 0.290 0.210 0.346 0.276      | nan nan nan nan              | 0.281 0.227 0.331 0.288
chunk           0.275 0.233 0.343 0.290      | 0.261 0.198 0.323 0.248      | 0.272 0.253 0.339 0.306      | 0.283 0.215 0.355 0.275      | nan nan nan nan              | 0.275 0.233 0.343 0.290
stepwin3        0.280 0.229 0.338 0.288      | 0.264 0.198 0.312 0.243      | 0.276 0.251 0.334 0.302      | 0.287 0.211 0.348 0.276      | nan nan nan nan              | 0.280 0.229 0.338 0.288
succonly        0.282 0.232 0.336 0.288      | 0.264 0.200 0.312 0.242      | 0.278 0.255 0.331 0.303      | 0.289 0.213 0.348 0.274      | nan nan nan nan              | 0.282 0.232 0.336 0.288
shared          0.265 0.276 0.342 0.302      | 0.251 0.224 0.324 0.252      | 0.261 0.311 0.338 0.317      | 0.273 0.247 0.354 0.289      | nan nan nan nan              | 0.265 0.276 0.342 0.302
fitcur          0.282 0.232 0.336 0.288      | 0.264 0.200 0.312 0.242      | 0.278 0.255 0.331 0.303      | 0.289 0.213 0.348 0.274      | nan nan nan nan              | 0.282 0.232 0.336 0.288
novis_state     0.274 0.267 0.341 0.231      | 0.257 0.248 0.314 0.209      | 0.273 0.298 0.338 0.244      | 0.275 0.242 0.347 0.219      | nan nan nan nan              | 0.274 0.267 0.341 0.231
early           0.289 0.231 0.329 0.227      | 0.267 0.195 0.308 0.188      | 0.287 0.249 0.325 0.235      | 0.293 0.217 0.340 0.220      | nan nan nan nan              | 0.289 0.231 0.329 0.227
st_x3           0.271 0.233 0.330 0.262      | 0.249 0.199 0.307 0.231      | 0.268 0.256 0.326 0.275      | 0.277 0.215 0.342 0.250      | nan nan nan nan              | 0.271 0.233 0.330 0.262
AURC (base kern16):
  -d1                        0.248 0.218 0.331 0.277   rho +0.67 +0.63 +0.60 +0.51
  -d1_rel                    0.251 0.242 0.333 0.297   rho +0.71 +0.65 +0.59 +0.53
  -disp                      0.237 0.175 0.310 0.202   rho +0.68 +0.52 +0.58 +0.47
  -dst                       0.284 0.236 0.328 0.296   rho +0.65 +0.62 +0.56 +0.54
  z(-d1)+z(-disp)            0.227 0.179 0.308 0.213   rho +nan +nan +nan +nan
  z(-d1_rel)+z(-disp)        0.234 0.198 0.322 0.228   rho +nan +nan +nan +nan
  z(-d1)+z(-disp)+z(-dst)    0.239 0.188 0.313 0.232   rho +nan +nan +nan +nan
  -d1/med-disp/0.3           0.234 0.199 0.322 0.220   rho +0.75 +0.61 +0.64 +0.53
  opt                        0.181 0.127 0.231 0.159   rho +nan +nan +nan +nan
timing (ms/query, single thread, concurrent run): pi05_spatial:3.49(proj 2.89, C=125) pi05_l10:2.37(proj 1.35, C=399) groot_spatial:3.14(proj 3.33, C=127) groot_l10:2.46(proj 1.91, C=417)
