
##### lib=current regime=stale  (cells: pi05_spatial pi05_l10 groot_spatial groot_l10)  L=1018 2640 1063 2645  n=14121 39627 13320 39169
oracle           0.401 0.279 0.366 0.263
method            err (4 cells)                | err1 (top-1)                 | AURC(top)                    | grip                         | rho
state_k5          0.665 0.609 0.528 0.550      | 0.673 0.657 0.592 0.611      | 0.454 0.419 0.387 0.406      | 0.215 0.200 0.157 0.205      | +0.67 +0.65 +0.58 +0.58
abs32             0.601 0.524 0.579 0.582      | 0.644 0.585 0.640 0.676      | 0.426 0.375 0.410 0.449      | 0.220 0.182 0.167 0.239      | +0.64 +0.60 +0.58 +0.53
abs128            0.596 0.527 0.579 0.568      | 0.640 0.586 0.639 0.657      | 0.422 0.376 0.406 0.436      | 0.220 0.185 0.166 0.234      | +0.65 +0.61 +0.60 +0.53
abs32_st          0.636 0.564 0.539 0.549      | 0.651 0.601 0.617 0.613      | 0.437 0.389 0.383 0.405      | 0.212 0.177 0.160 0.214      | +0.67 +0.63 +0.59 +0.59
abs32_st_k8       0.650 0.568 0.545 0.548      | 0.651 0.601 0.617 0.613      | 0.455 0.404 0.394 0.411      | 0.221 0.179 0.164 0.222      | +0.66 +0.61 +0.58 +0.58
abs32_st_step     0.650 0.603 0.584 0.586      | 0.644 0.651 0.635 0.654      | 0.437 0.417 0.387 0.429      | 0.221 0.214 0.158 0.238      | +0.68 +0.64 +0.62 +0.60
delta128          0.638 0.600 0.556 0.611      | 0.698 0.682 0.653 0.755      | 0.443 0.438 0.395 0.479      | 0.216 0.220 0.156 0.253      | +0.63 +0.58 +0.64 +0.52
abs32_delta       0.607 0.552 0.568 0.572      | 0.655 0.621 0.626 0.690      | 0.422 0.398 0.389 0.439      | 0.222 0.189 0.163 0.220      | +0.63 +0.59 +0.63 +0.54
abs32_delta_st    0.631 0.559 0.533 0.544      | 0.652 0.609 0.604 0.624      | 0.426 0.383 0.375 0.403      | 0.210 0.177 0.158 0.214      | +0.67 +0.64 +0.61 +0.59
white_l2          0.603 0.524 0.528 0.534      | 0.654 0.603 0.587 0.624      | 0.400 0.361 0.381 0.411      | 0.214 0.165 0.159 0.200      | +0.68 +0.63 +0.60 +0.51
white_vis         0.610 0.502 0.548 0.529      | 0.668 0.584 0.609 0.620      | 0.401 0.360 0.388 0.420      | 0.207 0.163 0.171 0.199      | +0.69 +0.61 +0.62 +0.46
white_k8          0.609 0.517 0.529 0.525      | 0.654 0.603 0.587 0.624      | 0.413 0.365 0.386 0.413      | 0.214 0.161 0.158 0.201      | +0.67 +0.62 +0.59 +0.50
white_kern16      0.628 0.515 0.546 0.523      | 0.654 0.603 0.587 0.624      | 0.440 0.377 0.410 0.424      | 0.215 0.161 0.156 0.209      | +0.67 +0.60 +0.58 +0.48
lda32             0.676 0.551 0.567 0.566      | 0.745 0.615 0.638 0.643      | 0.440 0.383 0.404 0.428      | 0.212 0.172 0.160 0.202      | +0.68 +0.60 +0.58 +0.52
cca16             0.697 0.599 0.647 0.600      | 0.830 0.711 0.774 0.733      | 0.511 0.429 0.511 0.458      | 0.223 0.224 0.196 0.232      | +0.64 +0.61 +0.54 +0.55
cca16_st          0.657 0.594 0.525 0.543      | 0.661 0.640 0.589 0.607      | 0.442 0.400 0.383 0.398      | 0.215 0.193 0.156 0.204      | +0.69 +0.67 +0.59 +0.58
band_abs32_st     0.675 0.606 0.582 0.588      | 0.683 0.635 0.636 0.646      | 0.441 0.401 0.388 0.415      | 0.228 0.207 0.169 0.239      | +0.70 +0.68 +0.62 +0.63
abs32_st_gclu     0.658 0.577 0.548 0.564      | 0.651 0.601 0.617 0.613      | 0.453 0.404 0.392 0.412      | 0.213 0.177 0.160 0.215      | +0.67 +0.61 +0.58 +0.57
white_top1_disp   0.603 0.524 0.528 0.534      | 0.654 0.603 0.587 0.624      | 0.375 0.343 0.361 0.384      | 0.214 0.165 0.159 0.200      | +0.75 +0.69 +0.65 +0.62
aurc_opt(abs32_st) 0.331 0.295 0.289 0.304
phat MAE vis/state 0.131/0.147 0.155/0.186 0.122/0.138 0.160/0.201
drift frac / err_drift / err_nodrift 0.24/0.999/0.519 0.33/0.838/0.432 0.19/0.997/0.428 0.32/0.789/0.436
err succ eps / fail eps 0.429/0.838 0.398/0.631 0.388/0.741 0.414/0.607
  vis_motion         rho(-err) +0.36 +0.23 +0.42 +0.25  rho(drift) -0.54 -0.32 -0.49 -0.23  AURC 0.543 0.535 0.427 0.510  succ/fail mean 0.93/0.65 1.02/0.66 1.00/0.69 1.03/0.75
  vis_still          rho(-err) -0.41 -0.19 -0.43 -0.18  rho(drift) +0.56 +0.31 +0.49 +0.15  AURC 0.777 0.611 0.702 0.593  succ/fail mean 1.76/1.86 1.84/1.90 1.66/1.78 1.84/1.88
  hit_verify         rho(-err) +0.45 +0.44 +0.34 +0.41  rho(drift) -0.46 -0.50 -0.35 -0.42  AURC 0.449 0.427 0.379 0.438  succ/fail mean 1.60/1.18 1.39/0.82 1.29/0.98 0.90/0.39
  exp_next_gain      rho(-err) +0.25 +0.23 +0.23 +0.32  rho(drift) -0.31 -0.23 -0.28 -0.33  AURC 0.499 0.490 0.398 0.470  succ/fail mean 0.19/0.12 0.11/0.04 0.23/0.16 0.08/-0.00
  phat_vs_top1phase  rho(-err) +0.23 +0.20 +0.31 +0.32  rho(drift) -0.15 -0.25 -0.36 -0.39  AURC 0.638 0.563 0.502 0.484  succ/fail mean -0.04/-0.11 -0.05/-0.12 -0.04/-0.11 -0.05/-0.14
  neg_d1nn_state     rho(-err) +0.65 +0.62 +0.57 +0.58  rho(drift) -0.74 -0.81 -0.69 -0.81  AURC 0.440 0.392 0.391 0.406  succ/fail mean -0.87/-3.59 -0.94/-4.15 -0.67/-3.22 -0.96/-4.05
  abs32_top1cos      rho(-err) +0.66 +0.61 +0.57 +0.55  rho(drift) -0.64 -0.70 -0.59 -0.66  AURC 0.439 0.396 0.386 0.416  succ/fail mean 1.77/1.41 1.83/1.50 1.88/1.59 1.93/1.68
  aurc_abs32st_plus_still      0.489 0.459 0.400 0.459
  aurc_abs32st_plus_motion     0.473 0.431 0.399 0.431
  aurc_abs32st_plus_hitverify  0.445 0.405 0.388 0.414
  aurc_abs32st_plus_expnext    0.480 0.434 0.402 0.429

##### lib=current regime=fresh  (cells: pi05_spatial pi05_l10 groot_spatial groot_l10)  L=1018 2640 1063 2645  n=10298 28906 10838 28565
oracle           0.313 0.241 0.330 0.268
method            err (4 cells)                | err1 (top-1)                 | AURC(top)                    | grip                         | rho
state_k5          0.471 0.469 0.461 0.481      | 0.532 0.534 0.536 0.558      | 0.384 0.373 0.381 0.391      | 0.051 0.080 0.047 0.084      | +0.37 +0.41 +0.38 +0.37
abs32             0.461 0.418 0.486 0.508      | 0.511 0.467 0.561 0.584      | 0.391 0.330 0.424 0.450      | 0.050 0.079 0.077 0.120      | +0.32 +0.42 +0.27 +0.29
abs128            0.456 0.422 0.482 0.502      | 0.510 0.469 0.552 0.575      | 0.383 0.331 0.418 0.442      | 0.051 0.081 0.076 0.122      | +0.35 +0.42 +0.29 +0.30
abs32_st          0.450 0.428 0.456 0.468      | 0.509 0.485 0.531 0.543      | 0.373 0.347 0.381 0.394      | 0.045 0.066 0.051 0.081      | +0.37 +0.38 +0.35 +0.34
abs32_st_k8       0.464 0.432 0.463 0.469      | 0.509 0.485 0.531 0.543      | 0.389 0.359 0.391 0.399      | 0.050 0.064 0.052 0.082      | +0.37 +0.36 +0.34 +0.32
abs32_st_step     0.450 0.477 0.459 0.499      | 0.514 0.547 0.534 0.583      | 0.367 0.362 0.377 0.410      | 0.047 0.107 0.063 0.099      | +0.39 +0.47 +0.37 +0.40
delta128          0.443 0.442 0.486 0.535      | 0.509 0.511 0.574 0.640      | 0.376 0.347 0.394 0.435      | 0.048 0.101 0.074 0.142      | +0.32 +0.45 +0.43 +0.45
abs32_delta       0.432 0.409 0.472 0.486      | 0.498 0.470 0.552 0.580      | 0.364 0.330 0.386 0.416      | 0.048 0.081 0.071 0.111      | +0.33 +0.40 +0.38 +0.33
abs32_delta_st    0.435 0.408 0.451 0.458      | 0.495 0.468 0.525 0.540      | 0.359 0.329 0.371 0.389      | 0.041 0.059 0.049 0.079      | +0.38 +0.40 +0.38 +0.33
white_l2          0.442 0.399 0.474 0.475      | 0.515 0.467 0.547 0.554      | 0.366 0.320 0.398 0.428      | 0.049 0.066 0.070 0.099      | +0.34 +0.39 +0.35 +0.22
white_vis         0.443 0.401 0.481 0.481      | 0.516 0.466 0.555 0.561      | 0.367 0.322 0.403 0.436      | 0.048 0.070 0.076 0.109      | +0.34 +0.39 +0.35 +0.21
white_k8          0.448 0.397 0.473 0.470      | 0.515 0.467 0.547 0.554      | 0.379 0.327 0.398 0.428      | 0.049 0.065 0.071 0.098      | +0.31 +0.37 +0.35 +0.20
white_kern16      0.474 0.404 0.495 0.475      | 0.515 0.467 0.547 0.554      | 0.408 0.341 0.422 0.440      | 0.051 0.064 0.070 0.093      | +0.31 +0.34 +0.34 +0.18
lda32             0.489 0.416 0.493 0.488      | 0.570 0.478 0.569 0.565      | 0.405 0.343 0.417 0.437      | 0.051 0.071 0.070 0.095      | +0.33 +0.35 +0.31 +0.22
cca16             0.602 0.486 0.620 0.544      | 0.728 0.579 0.742 0.652      | 0.477 0.377 0.525 0.468      | 0.100 0.092 0.115 0.122      | +0.50 +0.47 +0.38 +0.32
cca16_st          0.464 0.447 0.457 0.471      | 0.524 0.506 0.533 0.544      | 0.376 0.354 0.380 0.388      | 0.049 0.070 0.045 0.077      | +0.39 +0.42 +0.37 +0.36
band_abs32_st     0.459 0.441 0.474 0.483      | 0.516 0.496 0.542 0.552      | 0.374 0.349 0.382 0.396      | 0.055 0.085 0.070 0.099      | +0.38 +0.41 +0.39 +0.38
abs32_st_gclu     0.463 0.437 0.464 0.473      | 0.509 0.485 0.531 0.543      | 0.387 0.359 0.390 0.398      | 0.046 0.068 0.051 0.082      | +0.36 +0.35 +0.34 +0.32
white_top1_disp   0.442 0.399 0.474 0.475      | 0.515 0.467 0.547 0.554      | 0.317 0.278 0.357 0.361      | 0.049 0.066 0.070 0.099      | +0.60 +0.63 +0.55 +0.55
aurc_opt(abs32_st) 0.263 0.239 0.272 0.272
phat MAE vis/state 0.055/0.053 0.083/0.123 0.066/0.064 0.091/0.136
drift frac / err_drift / err_nodrift 0.05/0.791/0.431 0.11/0.665/0.398 0.06/0.803/0.434 0.09/0.658/0.450
err succ eps / fail eps 0.439/0.815 0.403/0.493 0.435/0.612 0.462/0.487

##### lib=current regime=step0  (cells: pi05_spatial pi05_l10 groot_spatial groot_l10)  L=1018 2640 1063 2645  n=500 500 500 500
oracle           0.212 0.140 0.233 0.132
method            err (4 cells)                | err1 (top-1)                 | AURC(top)                    | grip                         | rho
state_k5          0.268 0.255 0.334 0.207      | 0.336 0.252 0.371 0.226      | 0.269 0.252 0.327 0.200      | 0.000 0.000 0.000 0.000      | +0.01 +0.11 +0.06 +0.07
abs32             0.303 0.267 0.348 0.310      | 0.330 0.245 0.422 0.339      | 0.285 0.266 0.343 0.312      | 0.000 0.000 0.000 0.000      | +0.18 +0.07 +0.08 -0.07
abs128            0.301 0.270 0.350 0.305      | 0.330 0.247 0.406 0.336      | 0.286 0.267 0.348 0.306      | 0.000 0.000 0.000 0.000      | +0.14 +0.06 +0.06 -0.08
abs32_st          0.279 0.249 0.330 0.218      | 0.321 0.246 0.372 0.225      | 0.264 0.257 0.326 0.232      | 0.000 0.000 0.000 0.000      | +0.16 -0.02 +0.05 -0.15
abs32_st_k8       0.309 0.272 0.370 0.235      | 0.321 0.246 0.372 0.225      | 0.294 0.280 0.361 0.253      | 0.000 0.000 0.000 0.000      | +0.16 -0.04 +0.09 -0.16
abs32_st_step     0.265 0.220 0.315 0.189      | 0.305 0.246 0.373 0.218      | 0.248 0.223 0.306 0.210      | 0.000 0.000 0.000 0.000      | +0.20 +0.05 +0.10 -0.18
delta128          0.301 0.270 0.350 0.305      | 0.330 0.247 0.406 0.336      | 0.286 0.267 0.348 0.306      | 0.000 0.000 0.000 0.000      | +0.14 +0.06 +0.06 -0.08
abs32_delta       0.301 0.270 0.350 0.307      | 0.328 0.247 0.413 0.334      | 0.285 0.266 0.335 0.330      | 0.000 0.000 0.000 0.000      | +0.15 +0.06 +0.16 -0.27
abs32_delta_st    0.286 0.252 0.333 0.228      | 0.324 0.246 0.384 0.225      | 0.268 0.258 0.324 0.239      | 0.000 0.000 0.000 0.000      | +0.16 +0.01 +0.10 -0.13
white_l2          0.278 0.238 0.335 0.287      | 0.327 0.257 0.404 0.337      | 0.247 0.219 0.330 0.278      | 0.000 0.000 0.000 0.000      | +0.29 +0.19 +0.13 -0.07
white_vis         0.277 0.238 0.334 0.291      | 0.328 0.257 0.403 0.341      | 0.246 0.219 0.328 0.282      | 0.000 0.000 0.000 0.000      | +0.28 +0.18 +0.13 -0.06
white_k8          0.317 0.257 0.363 0.292      | 0.327 0.257 0.404 0.337      | 0.297 0.237 0.359 0.282      | 0.000 0.000 0.000 0.000      | +0.19 +0.20 +0.11 -0.09
white_kern16      0.383 0.279 0.438 0.328      | 0.327 0.257 0.404 0.337      | 0.352 0.255 0.427 0.312      | 0.000 0.000 0.000 0.000      | +0.29 +0.22 +0.16 -0.05
lda32             0.286 0.227 0.341 0.321      | 0.357 0.251 0.397 0.383      | 0.257 0.194 0.334 0.301      | 0.000 0.000 0.000 0.000      | +0.25 +0.31 +0.04 +0.03
cca16             0.410 0.343 0.391 0.321      | 0.486 0.412 0.459 0.366      | 0.326 0.288 0.385 0.309      | 0.054 0.008 0.012 0.007      | +0.47 +0.35 -0.01 +0.02
cca16_st          0.264 0.237 0.328 0.217      | 0.322 0.247 0.377 0.236      | 0.254 0.228 0.325 0.214      | 0.000 0.000 0.000 0.000      | +0.10 +0.06 -0.04 +0.01
band_abs32_st     0.290 0.252 0.331 0.220      | 0.333 0.249 0.372 0.228      | 0.264 0.257 0.326 0.232      | 0.000 0.000 0.000 0.000      | +0.23 -0.00 +0.05 -0.14
abs32_st_gclu     0.309 0.272 0.370 0.235      | 0.321 0.246 0.372 0.225      | 0.294 0.280 0.361 0.253      | 0.000 0.000 0.000 0.000      | +0.16 -0.04 +0.09 -0.16
white_top1_disp   0.278 0.238 0.335 0.287      | 0.327 0.257 0.404 0.337      | 0.222 0.175 0.290 0.192      | 0.000 0.000 0.000 0.000      | +0.53 +0.58 +0.33 +0.73
aurc_opt(abs32_st) 0.196 0.137 0.234 0.130
phat MAE vis/state 0.037/0.026 0.030/0.093 0.022/0.037 0.035/0.134
drift frac / err_drift / err_nodrift 0.00/nan/0.279 0.00/nan/0.249 0.00/nan/0.330 0.00/nan/0.218
err succ eps / fail eps 0.278/0.319 0.235/0.325 0.331/0.325 0.219/0.209

##### lib=big regime=stale  (cells: pi05_spatial pi05_l10 groot_spatial groot_l10)  L=10909 29472 11751 29631  n=14121 39627 13320 39169
oracle           0.287 0.192 0.232 0.181
method            err (4 cells)                | err1 (top-1)                 | AURC(top)                    | grip                         | rho
state_k5          0.617 0.547 0.446 0.491      | 0.691 0.625 0.524 0.556      | 0.399 0.383 0.340 0.370      | 0.205 0.182 0.113 0.179      | +0.69 +0.61 +0.57 +0.51
abs32             0.528 0.464 0.490 0.512      | 0.613 0.542 0.578 0.611      | 0.347 0.309 0.358 0.388      | 0.199 0.152 0.146 0.206      | +0.68 +0.64 +0.55 +0.53
abs128            0.525 0.461 0.481 0.504      | 0.613 0.539 0.565 0.602      | 0.343 0.306 0.350 0.375      | 0.199 0.153 0.145 0.202      | +0.69 +0.65 +0.56 +0.55
abs32_st          0.582 0.511 0.443 0.486      | 0.650 0.584 0.521 0.549      | 0.381 0.343 0.337 0.361      | 0.199 0.163 0.117 0.182      | +0.68 +0.65 +0.57 +0.53
abs32_st_k8       0.578 0.504 0.440 0.479      | 0.650 0.584 0.521 0.549      | 0.382 0.340 0.333 0.357      | 0.202 0.163 0.122 0.186      | +0.67 +0.65 +0.57 +0.53
abs32_st_step     0.581 0.536 0.446 0.518      | 0.655 0.613 0.530 0.586      | 0.378 0.360 0.339 0.377      | 0.207 0.186 0.120 0.215      | +0.68 +0.66 +0.57 +0.58
delta128          0.603 0.562 0.503 0.564      | 0.693 0.648 0.610 0.701      | 0.390 0.398 0.351 0.432      | 0.212 0.205 0.143 0.245      | +0.68 +0.59 +0.64 +0.53
abs32_delta       0.551 0.507 0.491 0.520      | 0.635 0.585 0.582 0.633      | 0.366 0.349 0.344 0.398      | 0.213 0.170 0.147 0.207      | +0.66 +0.60 +0.62 +0.52
abs32_delta_st    0.572 0.502 0.441 0.481      | 0.646 0.577 0.526 0.558      | 0.369 0.336 0.328 0.358      | 0.198 0.161 0.119 0.184      | +0.69 +0.66 +0.59 +0.54
white_l2          0.523 0.446 0.449 0.464      | 0.619 0.524 0.547 0.567      | 0.339 0.300 0.336 0.355      | 0.199 0.146 0.132 0.170      | +0.69 +0.65 +0.55 +0.52
white_vis         0.517 0.445 0.455 0.469      | 0.619 0.527 0.553 0.567      | 0.338 0.300 0.340 0.363      | 0.195 0.148 0.135 0.173      | +0.68 +0.65 +0.55 +0.50
white_k8          0.516 0.441 0.444 0.455      | 0.619 0.524 0.547 0.567      | 0.340 0.300 0.334 0.353      | 0.201 0.145 0.135 0.171      | +0.68 +0.65 +0.55 +0.50
white_kern16      0.514 0.440 0.444 0.448      | 0.619 0.524 0.547 0.567      | 0.343 0.302 0.334 0.353      | 0.204 0.146 0.136 0.172      | +0.67 +0.65 +0.54 +0.49
lda32             0.532 0.465 0.446 0.465      | 0.613 0.536 0.539 0.549      | 0.351 0.315 0.346 0.364      | 0.183 0.140 0.127 0.167      | +0.69 +0.62 +0.51 +0.48
cca16             0.539 0.490 0.458 0.503      | 0.624 0.576 0.561 0.609      | 0.348 0.333 0.347 0.381      | 0.182 0.154 0.135 0.190      | +0.71 +0.65 +0.54 +0.54
cca16_st          0.596 0.525 0.439 0.482      | 0.672 0.601 0.519 0.547      | 0.381 0.356 0.333 0.360      | 0.200 0.169 0.110 0.174      | +0.70 +0.64 +0.57 +0.52
band_abs32_st     0.599 0.533 0.460 0.501      | 0.668 0.606 0.535 0.567      | 0.378 0.347 0.339 0.366      | 0.215 0.175 0.129 0.192      | +0.71 +0.68 +0.59 +0.56
abs32_st_gclu     0.590 0.518 0.441 0.486      | 0.650 0.584 0.521 0.549      | 0.385 0.343 0.334 0.358      | 0.204 0.163 0.102 0.181      | +0.67 +0.64 +0.54 +0.51
white_top1_disp   0.523 0.446 0.449 0.464      | 0.619 0.524 0.547 0.567      | 0.311 0.291 0.307 0.350      | 0.199 0.146 0.132 0.170      | +0.77 +0.70 +0.68 +0.58
aurc_opt(abs32_st) 0.287 0.264 0.249 0.263
phat MAE vis/state 0.124/0.142 0.155/0.174 0.114/0.125 0.156/0.182
drift frac / err_drift / err_nodrift 0.32/0.878/0.440 0.35/0.737/0.389 0.20/0.727/0.373 0.34/0.677/0.388
err succ eps / fail eps 0.373/0.786 0.357/0.573 0.343/0.579 0.363/0.539
  vis_motion         rho(-err) +0.36 +0.23 +0.34 +0.23  rho(drift) -0.56 -0.35 -0.48 -0.27  AURC 0.491 0.476 0.382 0.444  succ/fail mean 0.96/0.67 1.13/0.73 1.03/0.74 1.11/0.80
  vis_still          rho(-err) -0.43 -0.21 -0.38 -0.16  rho(drift) +0.61 +0.36 +0.49 +0.19  AURC 0.719 0.563 0.544 0.534  succ/fail mean 1.76/1.86 1.84/1.90 1.66/1.78 1.84/1.88
  hit_verify         rho(-err) +0.46 +0.44 +0.33 +0.38  rho(drift) -0.54 -0.54 -0.35 -0.47  AURC 0.400 0.389 0.334 0.391  succ/fail mean 1.60/1.18 1.39/0.82 1.29/0.98 0.90/0.39
  exp_next_gain      rho(-err) +0.28 +0.23 +0.21 +0.29  rho(drift) -0.38 -0.25 -0.28 -0.37  AURC 0.446 0.445 0.352 0.419  succ/fail mean 0.19/0.12 0.11/0.04 0.23/0.16 0.08/-0.00
  phat_vs_top1phase  rho(-err) +0.24 +0.37 +0.34 +0.23  rho(drift) -0.08 -0.35 -0.37 -0.29  AURC 0.585 0.442 0.396 0.454  succ/fail mean -0.04/-0.11 -0.07/-0.16 -0.05/-0.15 -0.07/-0.15
  neg_d1nn_state     rho(-err) +0.67 +0.62 +0.56 +0.52  rho(drift) -0.81 -0.83 -0.69 -0.82  AURC 0.380 0.350 0.339 0.362  succ/fail mean -1.58/-5.41 -1.24/-4.22 -0.88/-3.79 -1.18/-4.45
  abs32_top1cos      rho(-err) +0.69 +0.63 +0.53 +0.51  rho(drift) -0.69 -0.69 -0.60 -0.68  AURC 0.382 0.350 0.337 0.368  succ/fail mean 1.81/1.51 1.86/1.62 1.91/1.76 1.95/1.78
  aurc_abs32st_plus_still      0.438 0.424 0.356 0.415
  aurc_abs32st_plus_motion     0.430 0.392 0.358 0.387
  aurc_abs32st_plus_hitverify  0.395 0.366 0.338 0.372
  aurc_abs32st_plus_expnext    0.433 0.399 0.354 0.387

##### lib=big regime=fresh  (cells: pi05_spatial pi05_l10 groot_spatial groot_l10)  L=10909 29472 11751 29631  n=10298 28906 10838 28565
oracle           0.188 0.141 0.206 0.159
method            err (4 cells)                | err1 (top-1)                 | AURC(top)                    | grip                         | rho
state_k5          0.381 0.359 0.380 0.372      | 0.455 0.427 0.455 0.440      | 0.304 0.295 0.322 0.315      | 0.036 0.059 0.032 0.063      | +0.38 +0.30 +0.31 +0.27
abs32             0.327 0.286 0.395 0.392      | 0.391 0.342 0.473 0.464      | 0.276 0.236 0.358 0.348      | 0.035 0.041 0.041 0.081      | +0.30 +0.34 +0.19 +0.24
abs128            0.323 0.285 0.384 0.381      | 0.386 0.340 0.461 0.448      | 0.271 0.234 0.347 0.332      | 0.035 0.043 0.040 0.079      | +0.30 +0.34 +0.21 +0.27
abs32_st          0.352 0.323 0.374 0.362      | 0.417 0.383 0.445 0.425      | 0.296 0.258 0.324 0.309      | 0.032 0.049 0.031 0.061      | +0.32 +0.36 +0.27 +0.27
abs32_st_k8       0.353 0.323 0.372 0.363      | 0.417 0.383 0.445 0.425      | 0.299 0.260 0.323 0.312      | 0.032 0.049 0.032 0.059      | +0.32 +0.35 +0.27 +0.26
abs32_st_step     0.352 0.336 0.375 0.382      | 0.420 0.400 0.447 0.453      | 0.292 0.266 0.323 0.317      | 0.032 0.052 0.032 0.068      | +0.34 +0.38 +0.28 +0.32
delta128          0.349 0.340 0.418 0.441      | 0.411 0.400 0.503 0.534      | 0.291 0.271 0.341 0.357      | 0.037 0.067 0.056 0.112      | +0.32 +0.38 +0.40 +0.42
abs32_delta       0.327 0.295 0.393 0.395      | 0.385 0.353 0.471 0.475      | 0.282 0.244 0.337 0.340      | 0.034 0.043 0.039 0.080      | +0.29 +0.31 +0.30 +0.27
abs32_delta_st    0.337 0.303 0.369 0.353      | 0.398 0.362 0.438 0.418      | 0.280 0.245 0.314 0.304      | 0.029 0.043 0.030 0.057      | +0.34 +0.34 +0.30 +0.26
white_l2          0.311 0.276 0.370 0.359      | 0.377 0.335 0.448 0.424      | 0.268 0.225 0.331 0.321      | 0.030 0.037 0.036 0.069      | +0.27 +0.34 +0.22 +0.22
white_vis         0.310 0.277 0.375 0.366      | 0.377 0.337 0.456 0.433      | 0.268 0.225 0.336 0.327      | 0.029 0.039 0.039 0.073      | +0.26 +0.35 +0.22 +0.22
white_k8          0.312 0.275 0.369 0.358      | 0.377 0.335 0.448 0.424      | 0.272 0.228 0.331 0.323      | 0.029 0.037 0.036 0.066      | +0.26 +0.34 +0.21 +0.21
white_kern16      0.318 0.277 0.373 0.361      | 0.377 0.335 0.448 0.424      | 0.279 0.231 0.335 0.329      | 0.030 0.034 0.037 0.065      | +0.25 +0.33 +0.21 +0.19
lda32             0.328 0.288 0.383 0.370      | 0.388 0.345 0.458 0.438      | 0.284 0.239 0.345 0.342      | 0.025 0.031 0.034 0.069      | +0.28 +0.32 +0.20 +0.17
cca16             0.339 0.304 0.395 0.392      | 0.408 0.369 0.484 0.477      | 0.277 0.249 0.342 0.346      | 0.030 0.035 0.037 0.070      | +0.36 +0.36 +0.29 +0.25
cca16_st          0.361 0.332 0.374 0.363      | 0.430 0.392 0.446 0.428      | 0.289 0.267 0.320 0.305      | 0.032 0.050 0.031 0.061      | +0.38 +0.35 +0.29 +0.29
band_abs32_st     0.354 0.328 0.379 0.371      | 0.419 0.387 0.448 0.434      | 0.295 0.259 0.325 0.312      | 0.038 0.052 0.033 0.064      | +0.33 +0.37 +0.29 +0.30
abs32_st_gclu     0.353 0.326 0.374 0.366      | 0.417 0.383 0.445 0.425      | 0.299 0.261 0.324 0.313      | 0.031 0.052 0.032 0.062      | +0.31 +0.34 +0.26 +0.25
white_top1_disp   0.311 0.276 0.370 0.359      | 0.377 0.335 0.448 0.424      | 0.213 0.183 0.280 0.254      | 0.030 0.037 0.036 0.069      | +0.65 +0.68 +0.56 +0.65
aurc_opt(abs32_st) 0.198 0.173 0.219 0.201
phat MAE vis/state 0.039/0.049 0.072/0.123 0.063/0.071 0.087/0.133
drift frac / err_drift / err_nodrift 0.05/0.700/0.335 0.07/0.559/0.307 0.04/0.568/0.366 0.07/0.522/0.351
err succ eps / fail eps 0.342/0.680 0.314/0.347 0.368/0.416 0.359/0.372

##### lib=big regime=step0  (cells: pi05_spatial pi05_l10 groot_spatial groot_l10)  L=10909 29472 11751 29631  n=500 500 500 500
oracle           0.141 0.077 0.151 0.079
method            err (4 cells)                | err1 (top-1)                 | AURC(top)                    | grip                         | rho
state_k5          0.248 0.195 0.273 0.199      | 0.317 0.243 0.347 0.256      | 0.250 0.201 0.265 0.202      | 0.000 0.000 0.000 0.000      | -0.05 -0.03 +0.11 -0.02
abs32             0.232 0.167 0.302 0.256      | 0.278 0.188 0.381 0.306      | 0.221 0.160 0.295 0.270      | 0.000 0.000 0.000 0.000      | +0.18 +0.11 +0.01 -0.19
abs128            0.227 0.169 0.298 0.241      | 0.272 0.191 0.370 0.265      | 0.218 0.162 0.293 0.257      | 0.000 0.000 0.000 0.000      | +0.13 +0.11 +0.06 -0.17
abs32_st          0.224 0.167 0.267 0.191      | 0.271 0.207 0.340 0.239      | 0.222 0.161 0.250 0.196      | 0.000 0.000 0.000 0.000      | +0.05 +0.15 +0.22 -0.04
abs32_st_k8       0.225 0.169 0.267 0.187      | 0.271 0.207 0.340 0.239      | 0.224 0.164 0.250 0.191      | 0.000 0.000 0.000 0.000      | +0.03 +0.14 +0.23 -0.04
abs32_st_step     0.223 0.165 0.265 0.190      | 0.269 0.207 0.341 0.239      | 0.219 0.159 0.247 0.195      | 0.000 0.000 0.000 0.000      | +0.10 +0.12 +0.23 -0.05
delta128          0.227 0.169 0.298 0.241      | 0.272 0.191 0.370 0.265      | 0.218 0.162 0.293 0.257      | 0.000 0.000 0.000 0.000      | +0.13 +0.11 +0.06 -0.17
abs32_delta       0.229 0.166 0.296 0.246      | 0.275 0.189 0.370 0.273      | 0.225 0.160 0.279 0.257      | 0.000 0.000 0.000 0.000      | +0.09 +0.12 +0.23 -0.10
abs32_delta_st    0.220 0.162 0.264 0.184      | 0.270 0.194 0.332 0.221      | 0.213 0.153 0.246 0.186      | 0.000 0.000 0.000 0.000      | +0.11 +0.12 +0.23 -0.03
white_l2          0.220 0.161 0.286 0.232      | 0.264 0.192 0.381 0.284      | 0.207 0.152 0.276 0.227      | 0.000 0.000 0.000 0.000      | +0.12 +0.13 +0.09 +0.04
white_vis         0.219 0.162 0.287 0.233      | 0.264 0.193 0.383 0.282      | 0.207 0.154 0.276 0.230      | 0.000 0.000 0.000 0.000      | +0.12 +0.12 +0.10 +0.02
white_k8          0.218 0.164 0.281 0.232      | 0.264 0.192 0.381 0.284      | 0.208 0.156 0.275 0.229      | 0.000 0.000 0.000 0.000      | +0.10 +0.11 +0.09 -0.01
white_kern16      0.217 0.167 0.285 0.238      | 0.264 0.192 0.381 0.284      | 0.211 0.162 0.282 0.235      | 0.000 0.000 0.000 0.000      | +0.06 +0.09 +0.07 +0.00
lda32             0.219 0.165 0.304 0.251      | 0.267 0.193 0.365 0.300      | 0.207 0.157 0.284 0.236      | 0.000 0.000 0.000 0.000      | +0.14 +0.09 +0.14 +0.04
cca16             0.228 0.174 0.305 0.266      | 0.292 0.212 0.388 0.315      | 0.229 0.170 0.289 0.262      | 0.000 0.000 0.000 0.000      | -0.01 +0.07 +0.14 +0.00
cca16_st          0.237 0.177 0.267 0.190      | 0.295 0.212 0.338 0.237      | 0.236 0.187 0.258 0.187      | 0.000 0.000 0.000 0.000      | +0.02 -0.06 +0.13 +0.02
band_abs32_st     0.224 0.171 0.267 0.195      | 0.271 0.208 0.341 0.243      | 0.222 0.161 0.251 0.196      | 0.000 0.000 0.000 0.000      | +0.05 +0.15 +0.21 -0.02
abs32_st_gclu     0.225 0.169 0.267 0.187      | 0.271 0.207 0.340 0.239      | 0.224 0.164 0.250 0.191      | 0.000 0.000 0.000 0.000      | +0.03 +0.14 +0.23 -0.04
white_top1_disp   0.220 0.161 0.286 0.232      | 0.264 0.192 0.381 0.284      | 0.177 0.114 0.236 0.171      | 0.000 0.000 0.000 0.000      | +0.43 +0.61 +0.47 +0.64
aurc_opt(abs32_st) 0.147 0.091 0.167 0.113
phat MAE vis/state 0.014/0.031 0.024/0.152 0.028/0.046 0.041/0.150
drift frac / err_drift / err_nodrift 0.00/nan/0.224 0.00/nan/0.167 0.00/nan/0.267 0.00/nan/0.191
err succ eps / fail eps 0.223/0.281 0.161/0.202 0.266/0.278 0.191/0.189
