### p5_closedloop (cache cells, big library, whitened metric): synthesis sweep, magnitude ratio, direction cosine, stay rate, by-step early vs full fit
n_stale [14121, 39627, 13320, 39169] L [10909, 29472, 11751, 29631]
B0 served chunk: err 0.654 0.601 0.629 0.649  mag ratio p50 1.01 1.03 1.00 1.07
synth          err                          | grip                         | mag ratio p50                | dir cos                     
k8_r3          0.527 0.448 0.453 0.470      | 0.199 0.142 0.134 0.170      | 0.97 0.97 0.95 0.97          | 0.85 0.82 0.83 0.81         
k8_r5          0.515 0.438 0.441 0.456      | 0.199 0.143 0.132 0.167      | 0.96 0.96 0.94 0.96          | 0.86 0.82 0.84 0.82         
k8_r8          0.513 0.437 0.440 0.453      | 0.199 0.143 0.132 0.168      | 0.96 0.95 0.94 0.96          | 0.86 0.82 0.84 0.82         
k16_r3         0.525 0.446 0.452 0.468      | 0.199 0.142 0.134 0.170      | 0.97 0.97 0.95 0.97          | 0.85 0.82 0.83 0.81         
k16_r5         0.511 0.437 0.439 0.451      | 0.201 0.143 0.133 0.168      | 0.96 0.95 0.93 0.95          | 0.86 0.82 0.84 0.82         
k16_r8         0.509 0.435 0.437 0.446      | 0.201 0.143 0.134 0.169      | 0.95 0.95 0.93 0.94          | 0.86 0.82 0.84 0.83         
k32_r3         0.524 0.446 0.452 0.467      | 0.200 0.142 0.134 0.170      | 0.97 0.97 0.94 0.97          | 0.85 0.82 0.83 0.81         
k32_r5         0.511 0.437 0.439 0.450      | 0.202 0.144 0.133 0.169      | 0.96 0.95 0.93 0.95          | 0.86 0.82 0.84 0.82         
k32_r8         0.511 0.437 0.439 0.445      | 0.203 0.145 0.135 0.171      | 0.95 0.94 0.92 0.93          | 0.86 0.82 0.84 0.83         
k64_r3         0.524 0.446 0.452 0.468      | 0.199 0.142 0.134 0.170      | 0.97 0.96 0.94 0.97          | 0.85 0.82 0.83 0.81         
k64_r5         0.512 0.438 0.440 0.451      | 0.201 0.145 0.134 0.170      | 0.95 0.95 0.93 0.95          | 0.86 0.82 0.84 0.82         
k64_r8         0.513 0.439 0.442 0.446      | 0.202 0.146 0.136 0.173      | 0.94 0.94 0.92 0.93          | 0.86 0.82 0.84 0.83         
k16_r5_wmaj    0.526 0.450 0.451 0.464      | 0.201 0.143 0.133 0.168      | 0.96 0.95 0.93 0.95          | 0.86 0.82 0.84 0.82         
k1             0.619 0.524 0.547 0.567      | 0.202 0.146 0.136 0.179      | 1.01 1.01 0.99 1.03          | 0.81 0.78 0.78 0.75         
stay rate base top1 / B0: 0.26/0.22 0.35/0.34 0.16/0.20 0.33/0.35  same-lib-episode rate 0.55 0.62 0.44 0.55
err when stay / switch: 0.796/0.411 0.530/0.386 0.707/0.387 0.530/0.412
by_step s0    n   500   500   500   500  full 0.210 0.158 0.281 0.224  early 0.210 0.158 0.255 0.170
by_step s1    n   500   500   500   500  full 0.194 0.186 0.302 0.260  early 0.195 0.186 0.285 0.257
by_step s2    n   500   500   500   500  full 0.173 0.180 0.235 0.290  early 0.182 0.190 0.225 0.286
by_step s3-5  n  1500  1500  1500  1500  full 0.224 0.182 0.260 0.263  early 0.241 0.197 0.266 0.272
by_step s6+   n 11621 37127 10820 36669  full 0.577 0.454 0.479 0.464  early 0.671 0.539 0.499 0.528

### p6_rules (big library): cache = drift gating / success-only candidates / action-cluster classification; inf = fresh-regime fusion with continuity
===== cache n [14121, 39627, 13320, 39169] drift frac 0.32 0.35 0.20 0.34
rule                 err                          | drift                        | nodrift                      | succ eps                     | fail eps
joint                0.511 0.437 0.439 0.451      | 0.787 0.637 0.770 0.621      | 0.380 0.329 0.357 0.363      | 0.319 0.298 0.328 0.348      | 0.700 0.493 0.588 0.495
vis                  0.504 0.435 0.445 0.455      | 0.770 0.630 0.789 0.623      | 0.378 0.329 0.359 0.369      | 0.319 0.296 0.331 0.355      | 0.686 0.491 0.598 0.499
state                0.584 0.513 0.439 0.476      | 0.881 0.727 0.723 0.678      | 0.442 0.398 0.368 0.372      | 0.373 0.366 0.338 0.361      | 0.790 0.572 0.575 0.526
gate_vis_if_drift    0.506 0.434 0.443 0.452      | 0.770 0.630 0.789 0.623      | 0.380 0.329 0.357 0.363      | 0.319 0.296 0.328 0.350      | 0.689 0.490 0.597 0.496
gate_vis_if_drift2   0.505 0.435 0.443 0.453      | 0.770 0.630 0.789 0.623      | 0.379 0.330 0.357 0.364      | 0.319 0.296 0.329 0.351      | 0.688 0.491 0.597 0.496
best_of_joint_vis    0.495 0.415 0.430 0.427      | 0.749 0.589 0.747 0.569      | 0.373 0.322 0.351 0.354      | 0.315 0.291 0.323 0.340      | 0.670 0.465 0.573 0.465
succ_cands           0.517 0.451 0.448 0.461      | 0.795 0.664 0.787 0.641      | 0.385 0.336 0.364 0.368      | 0.319 0.304 0.330 0.351      | 0.711 0.510 0.607 0.508
clu32                0.607 0.535 0.533 0.536      | 0.889 0.733 0.917 0.707      | 0.473 0.428 0.438 0.448      | 0.407 0.414 0.404 0.444      | 0.803 0.584 0.707 0.576
clu64                0.607 0.525 0.531 0.535      | 0.907 0.741 0.923 0.723      | 0.464 0.408 0.434 0.437      | 0.403 0.385 0.401 0.431      | 0.807 0.581 0.707 0.579
clu64_kern           0.584 0.501 0.511 0.528      | 0.905 0.744 0.899 0.749      | 0.431 0.370 0.415 0.413      | 0.367 0.334 0.382 0.394      | 0.797 0.568 0.686 0.585
step0 joint/vis/state 0.210/0.210/0.246 0.158/0.158/0.201 0.281/0.282/0.281 0.224/0.227/0.208
===== inf n [10298, 28906, 10838, 28565] drift frac 0.05 0.07 0.04 0.07
rule                 err                          | drift                        | nodrift                      | succ eps                     | fail eps
joint                0.304 0.268 0.362 0.350      | 0.638 0.488 0.568 0.485      | 0.287 0.253 0.354 0.340      | 0.293 0.258 0.355 0.348      | 0.659 0.294 0.415 0.356
vis                  0.303 0.269 0.368 0.356      | 0.631 0.495 0.586 0.504      | 0.287 0.253 0.359 0.346      | 0.293 0.258 0.359 0.353      | 0.657 0.297 0.428 0.367
state                0.355 0.329 0.371 0.363      | 0.703 0.554 0.577 0.517      | 0.337 0.313 0.362 0.352      | 0.344 0.322 0.364 0.362      | 0.705 0.346 0.421 0.368
fresh_cont           0.263 0.281 0.253 0.269      | 0.497 0.472 0.411 0.415      | 0.251 0.268 0.246 0.258      | 0.253 0.258 0.241 0.245      | 0.591 0.342 0.340 0.349
fresh_l0p5           0.256 0.275 0.250 0.267      | 0.491 0.467 0.403 0.414      | 0.245 0.261 0.244 0.256      | 0.247 0.252 0.239 0.242      | 0.581 0.334 0.334 0.347
fresh_l1             0.259 0.278 0.251 0.267      | 0.493 0.470 0.406 0.415      | 0.247 0.264 0.245 0.256      | 0.249 0.254 0.239 0.243      | 0.585 0.338 0.337 0.348
fresh_l2             0.261 0.279 0.252 0.268      | 0.495 0.471 0.408 0.415      | 0.249 0.266 0.245 0.257      | 0.251 0.256 0.240 0.243      | 0.588 0.340 0.338 0.348
fresh_l4             0.262 0.280 0.252 0.268      | 0.496 0.472 0.409 0.415      | 0.250 0.267 0.246 0.258      | 0.252 0.257 0.240 0.244      | 0.590 0.341 0.339 0.349
fresh_gate           0.261 0.274 0.264 0.274      | 0.503 0.465 0.420 0.419      | 0.248 0.260 0.257 0.263      | 0.251 0.252 0.253 0.250      | 0.583 0.331 0.343 0.351
step0 joint/vis/state 0.213/0.213/0.250 0.158/0.158/0.202 0.282/0.283/0.279 0.225/0.227/0.209

### p7_fitbig_curlib (cache cells): metric fitted on the 500-ep pool, candidates = current library; per-task stale err big / B0 served / current(big fit)
stale_b0                 0.654 0.601 0.629 0.649
stale_big                0.511 0.437 0.439 0.451
stale_cur_bigfit         0.562 0.495 0.500 0.493
step0_cur_bigfit         0.269 0.246 0.335 0.293
step0_cur_bigfit_early   0.266 0.223 0.318 0.209
per task (stale): task: big / b0 / cur_bigfit
0 0.676/0.851/0.735 | 0.424/0.551/0.449 | 0.607/1.142/0.605 | 0.435/0.709/0.469
1 0.479/0.555/0.494 | 0.533/0.692/0.581 | 0.345/0.448/0.385 | 0.452/0.722/0.520
2 0.319/0.428/0.398 | 0.392/0.545/0.448 | 0.326/0.440/0.372 | 0.392/0.532/0.447
3 0.445/0.635/0.518 | 0.380/0.464/0.423 | 0.519/0.692/0.680 | 0.363/0.527/0.428
4 0.526/0.668/0.620 | 0.464/0.657/0.503 | 0.418/0.528/0.456 | 0.421/0.621/0.488
5 0.452/0.757/0.491 | 0.370/0.519/0.437 | 0.453/0.689/0.543 | 0.503/0.597/0.538
6 0.526/0.633/0.576 | 0.482/0.683/0.546 | 0.383/0.491/0.419 | 0.473/0.660/0.460
7 0.420/0.538/0.469 | 0.535/0.782/0.638 | 0.393/0.514/0.449 | 0.492/0.770/0.525
8 0.506/0.696/0.579 | 0.311/0.438/0.364 | 0.459/0.658/0.562 | 0.347/0.479/0.393
9 0.682/0.750/0.675 | 0.445/0.627/0.538 | 0.449/0.597/0.512 | 0.614/0.784/0.658
